thrustPy = [0.0;
54.15250073570965;
110.35945721532966;
165.80315595270164;
217.66588346166728;
263.1299262560683;
301.8520779687725;
335.73126096813894;
361.9035940259026;
380.9299370432339;
391.19373806619876;
391.17583358708686;
386.98230060998;
381.7128189395436;
377.95194588475;
376.84432202933834;
375.9713038982584;
375.175534542939;
374.4570139633801;
373.81574215958176;
373.25171913154395;
372.7649448792667;
372.35541940274993;
372.0231427019937;
371.76811477699806;
371.5903356277629;
371.48980525428834;
371.4709295647342;
371.6761264747318;
372.15912923925424;
372.8997855377046;
373.87794304948585;
375.0734494540011;
376.4661524306533;
378.0358996588455;
379.7625388179807;
381.62591758746197;
383.60588364669235;
385.68228467507475;
387.8349683520123;
390.04378235690797;
392.2885743691648;
394.54919206818585;
396.8054831333741;
399.03729524413257;
401.2244760798643;
403.34687331997236;
405.3843346438597;
407.31670773092935;
409.12384026058436;
410.7855799122277;
412.28177436526255;
413.59227129909175;
414.74132572515094;
415.85007570549453;
416.927497515096;
417.97426478994396;
418.99105116602726;
419.97853027933456;
420.9373757658546;
421.8682612615761;
422.77186040248785;
423.6488468245785;
424.49989416383687;
425.32567605625167;
426.12686613781153;
426.9041380445053;
427.65816541232175;
428.38962187724945;
429.0991810752773;
429.7875166423938;
430.455302214588;
431.1032114278484;
431.7319179181638;
432.34209532152295;
432.9344172739145;
433.5095574113273;
434.06818936975003;
434.6109867851714;
435.13862329358017;
435.65177253096505;
436.1511081333148;
436.6373037366181;
437.1110329768638;
437.57296949004046;
438.023786912137;
438.46415887914196;
438.89475902704424;
439.31626099183245;
439.7293384094954;
440.1346649160218;
440.53291414740033;
440.92475973961984;
441.31087532866894;
441.6919345505364;
442.06861104121106;
442.4415784366815;
442.8115103729365;
443.17908048596473;
443.5449624117551;
443.9098297862962;
444.27435624557677;
444.63921542558563;
445.0050809623114;
445.3726264917429;
445.7425256498688;
446.1154520726779;
446.49207939615883;
446.87308125630045;
447.25913128909133;
447.65090313052036;
448.0490704165762;
448.4543067832476;
448.8672858665233;
449.2875206424045;
449.6983812548939;
450.09453109704964;
450.47634643469104;
450.84420353363737;
451.198478659708;
451.53954807872213;
451.86778805649914;
452.1835748588583;
452.487284751619;
452.7792940006004;
453.0599788716218;
453.3297156305027;
453.58888054306215;
453.8378498751196;
454.07699989249437;
454.3067068610057;
454.52734704647287;
454.73929671471524;
454.9429321315521;
455.13862956280275;
455.32676527428646;
455.50771553182256;
455.6818566012303;
455.8495647483291;
456.0112162389382;
456.16718733887683;
456.31785431396435;
456.4635934300201;
456.60478095286334;
456.7417931483134;
456.87500628218953;
457.0047966203111;
457.1315404284973;
457.2556139725676;
457.37739351834114;
457.4972553316373;
457.6155756782754;
457.7327308240747;
457.8490970348545;
457.9650505764341;
458.08096771463283;
458.19722471527;
458.31419784416494;
458.43226336713684;
458.55179755000506;
458.67317665858894;
458.7967769587077;
458.92297471618076;
459.0521461968273;
459.1846676664667;
459.32091539091823;
459.4612656360012;
459.6060946675349;
459.75577875133865;
459.9106941532317;
460.0712171390335;
460.23772397456315;
460.41059092564007;
460.59019425808356;
460.7769102377129;
460.97111513034736;
461.17318520180635;
461.38349671790905;
461.6024259444748;
461.8303491473229;
462.0676425922727;
462.31468254514346;
462.57184527175446;
462.83950703792505;
463.1180441094745;
463.40783275222213;
463.70924923198726;
464.0226698145891;
464.3484707658471;
464.6870283515804;
465.0387188376084;
465.4039184897504;
465.7830035738257;
466.17635035565354;
466.5843351010533;
467.00733407584426;
467.4465607535887;
467.9357953177212;
468.4892469436776;
469.1024757093487;
469.7710416926257;
470.49050497139945;
471.25642562356103;
472.06436372700136;
472.90987935961147;
473.78853259928235;
474.695883523905;
475.6274922113704;
476.57891873956953;
477.54572318639345;
478.5234656297331;
479.50770614747944;
480.49400481752355;
481.4779217177563;
482.4550169260688;
483.420850520352;
484.3709825784969;
485.30097317839443;
486.2063823979357;
487.08277031501166;
487.9256970075133;
488.73072255333153;
489.4934070303574;
490.209310516482;
490.8739930895961;
491.483014827591;
492.0319358083574;
492.51631610978643;
492.9327238585386;
493.3150225838902;
493.6818992311587;
494.0338323383916;
494.3713004436361;
494.69478208493945;
495.0047558003491;
495.3017001279121;
495.5860936056759;
495.85841477168776;
496.1191421639949;
496.3687543206447;
496.6077297796844;
496.8365470791613;
497.05568475712266;
497.2656213516158;
497.4668354006879;
497.6598054423864;
497.8450100147585;
498.0229276558515;
498.1940369037127;
498.35881629638936;
498.51774437192876;
498.67129966837825;
498.8199607237851;
498.9642060761965;
499.1045142636598;
499.24136382422233;
499.3752332959313;
499.50660121683404;
499.63594612497786;
499.76374655841;
499.89048105517776;
500.0166281533284;
500.14266639090926;
500.2690743059676;
500.39633043655067;
500.52491332070576;
500.65530149648026;
500.78797350192133;
500.92340787507635;
501.0620831539925;
501.2044778767172;
501.3510705812976;
501.4978904040393;
501.640075683971;
501.7778705435388;
501.9115266935363;
502.04129584475726;
502.1674297079953;
502.2901799940442;
502.4097984136976;
502.5265366777492;
502.6406464969927;
502.7523795822218;
502.8619876442302;
502.9697223938116;
503.07583554175966;
503.1805787988681;
503.28420387593064;
503.38696248374094;
503.48910633309265;
503.59088713477956;
503.6925565995953;
503.7943664383336;
503.8965683617881;
503.99941408075256;
504.10315530602065;
504.2080437483861;
504.3143311186425;
504.42226912758366;
504.5321094860032;
504.6441039046948;
504.7585040944523;
504.8755617660692;
504.9955286303393;
505.11434551859463;
505.22762149727663;
505.3358806908234;
505.43965098702853;
505.53946027368573;
505.63583643858874;
505.72930736953117;
505.82040095430676;
505.9096450807092;
505.99756763653215;
506.0846965095693;
506.17155958761435;
506.25868475846096;
506.3465999099028;
506.43583292973364;
506.52691170574707;
506.62036412573684;
506.7167180774966;
506.81650144882;
506.92024212750084;
507.0284680013327;
507.14170695810935;
507.2604868856244;
507.38533567167156;
507.51678120404455;
507.65535137053695;
507.8015740589426;
507.95597715705503;
508.1190885526681;
508.2914361335753;
508.47354778757045;
508.6659514024472;
508.86917486599924;
509.08374606602024;
509.3101928903039;
509.5490432266439;
509.80082496283393;
511.3219587720983;
516.0182490226565;
522.6303072007566;
529.8061283165122;
536.1937073800362;
540.4410394014424;
541.3952250569592;
541.0492115752344;
540.333021674112;
539.3126950097003;
538.0542712381076;
536.6237900154425;
535.0872909978133;
533.5108138413283;
531.9603982020959;
530.5020837362247;
529.2019100998227;
528.1259169489986;
527.3401439398606;
526.9106307285172;
526.8501297312823;
526.851239812124;
526.8534847732244;
526.8568646145836;
526.8613793362016;
526.8670289380784;
526.873813420214;
526.8817327826084;
526.8907870252616;
526.9009761481735;
526.9123001513443;
526.9247590347738;
526.9383527984622;
526.9530814424094;
526.9689449666154;
526.98594337108;
527.0040766558036;
527.0233448207858;
527.043747866027;
527.0652857915269;
527.0879585972856;
527.111766283303;
527.1367088495793;
527.1627862961144;
527.1899986229083;
527.218345829961;
527.2478279172724;
527.2784448848427;
527.3101967326717;
527.3430834607595;
527.3771050691062;
527.4122615577115;
527.4485529265758;
527.4859791756988;
527.5245403050806;
527.5642363147211;
527.6050672046206;
527.6470329747788;
527.6901336251957;
527.7343691558715;
527.779739566806;
527.8262448579994;
527.8738850294515;
527.9226600811625;
527.9725700131322;
528.0236148253607;
528.0766066081133;
528.1529526245813;
528.2610192507838;
528.3992909877;
528.56625233631;
528.7603877975929;
528.9801818725285;
